-0.336096890731877 0.00259679677499106 -0.0496745886845174 0 0 1 3.14
-0.31123631341104 0.0121512163292078 -0.0534722372982224 0 0 1 3.14
-0.380126324990108 0.0273860734356281 -0.04676447606443 0 0 1 3.14
-0.360463372604479 -0.00332747022759172 -0.0576486903075649 0 0 1 3.14
-0.300782469750469 -0.0248761301512413 -0.0570436517163679 0 0 1 3.14
-0.359764838306405 -0.0265595911475245 -0.0596047067254237 0 0 1 3.14
-0.334114351892707 0.00776702916596875 -0.0407141653940088 0 0 1 3.14
-0.309865187696549 0.0177707439899075 -0.0405925419597338 0 0 1 3.14
-0.300461822348211 0.0114714799714886 -0.0575227898570636 0 0 1 3.14
-0.334683671890531 -0.00928152826709007 -0.0506517994645108 0 0 1 3.14
-0.389156357214449 0.0268090000296957 -0.0468661199339105 0 0 1 3.14
-0.396388596920464 0.00121141909268863 -0.0541962886673427 0 0 1 3.14
-0.338190876095303 0.0272287815118756 -0.0449092672056741 0 0 1 3.14
-0.3432855638102 -0.025584261851508 -0.0488376389728206 0 0 1 3.14
-0.303803534219467 -0.0175780831156156 -0.0514441480890309 0 0 1 3.14
-0.325389453058111 0.016501668838918 -0.054656118854516 0 0 1 3.14
-0.333748390156492 0.0248512692746264 -0.0449252785173388 0 0 1 3.14
-0.347668668158799 0.016953038862618 -0.0420324734998874 0 0 1 3.14
-0.37401057185156 -0.0122679482301074 -0.0454311193208443 0 0 1 3.14
-0.303800623308383 -0.0208892566611309 -0.0518633973069102 0 0 1 3.14
-0.345979596248648 0.0208746313388269 -0.0412336831949261 0 0 1 3.14
-0.396972983658023 0.017091275465589 -0.054891450901244 0 0 1 3.14
-0.330368553658887 -0.013750109870921 -0.0493367351878236 0 0 1 3.14
-0.348028384207912 -0.016331357711032 -0.0409049025924726 0 0 1 3.14
-0.394096944433552 -0.0107386069746629 -0.0546450492711981 0 0 1 3.14
-0.310996376677179 0.0197737082639501 -0.0549983075882082 0 0 1 3.14
-0.366979775748598 0.0193309316760586 -0.0414465455952131 0 0 1 3.14
-0.377029880212888 0.00424097102891269 -0.0586283530288909 0 0 1 3.14
-0.388605135800481 0.00430977817373085 -0.0540119922687827 0 0 1 3.14
-0.368907728654639 -0.0128389036500372 -0.0481683293168727 0 0 1 3.14
-0.377156767786426 0.0119480135580725 -0.0559340170928733 0 0 1 3.14
-0.3348002832783 0.0177754765968946 -0.0472823360222623 0 0 1 3.14
-0.393383987540167 -0.00350465663092663 -0.0440325948433948 0 0 1 3.14
-0.372456862013908 -0.00322706329852671 -0.0499659789527156 0 0 1 3.14
-0.371817976243913 -0.00206025549809336 -0.0469837572810172 0 0 1 3.14
-0.311993374027394 -0.0132576487635231 -0.0440809002888775 0 0 1 3.14
-0.355566964130076 0.0105225191049957 -0.0553325246385687 0 0 1 3.14
-0.324408587909204 0.0242198715818124 -0.0479832212313042 0 0 1 3.14
-0.339670362418465 0.0245115539309025 -0.0577507524323343 0 0 1 3.14
-0.321673406259596 0.0148318166478428 -0.0496846869360817 0 0 1 3.14
-0.388606936132157 -0.0143693095749872 -0.0432431861825953 0 0 1 3.14
-0.302143611484002 0.0113782704044465 -0.0415841978400259 0 0 1 3.14
-0.315140332452045 -0.0220901600714693 -0.0500354414108929 0 0 1 3.14
-0.394935350232946 -0.022589950060812 -0.0544477775547122 0 0 1 3.14
-0.353379816620936 -0.0185458288053305 -0.0469496007850341 0 0 1 3.14
-0.367434672505197 -0.0212560740302225 -0.0416540239239866 0 0 1 3.14
-0.336979487500025 0.00510261691612293 -0.0498032109297053 0 0 1 3.14
-0.376970083622233 -0.025598298595172 -0.040516170323948 0 0 1 3.14
-0.342011502671871 0.0193395733311184 -0.0560544211580537 0 0 1 3.14
-0.33968436795601 0.0133741783961079 -0.0577763003242213 0 0 1 3.14
-0.340012090416714 0.0255514822810491 -0.0540529141326276 0 0 1 3.14
-0.355157211961608 -0.000441684092293129 -0.0520716292887655 0 0 1 3.14
-0.396457653931721 0.00929297390698011 -0.0515848863330302 0 0 1 3.14
-0.348618516496172 0.0234074086777012 -0.053770492846991 0 0 1 3.14
-0.359226983822736 0.00231153446814127 -0.0461231365813555 0 0 1 3.14
-0.389195396338444 -0.0130676901265067 -0.05816256333457 0 0 1 3.14
-0.354012437105769 0.0285574510727978 -0.0519582276192591 0 0 1 3.14
-0.354911724632417 -0.0278144690684712 -0.0540963839194008 0 0 1 3.14
-0.344885966419558 -0.0104253256163813 -0.0538700644194724 0 0 1 3.14
-0.3194595682992 0.0283808174335692 -0.0578887773852945 0 0 1 3.14
-0.329914992721394 -0.00809804248165515 -0.0481234479087146 0 0 1 3.14
-0.31277644960784 -0.011451022866245 -0.0543454496751048 0 0 1 3.14
-0.39478078475711 -0.0227452569251623 -0.05689556758121 0 0 1 3.14
-0.378031868859465 0.0249459422424474 -0.0599868266482778 0 0 1 3.14
-0.354035798988863 -0.0218713076591099 -0.0543280916584324 0 0 1 3.14
-0.304146640387099 -0.0100729264902996 -0.048983782500408 0 0 1 3.14
-0.320995464302056 0.0238487935439931 -0.0425819561699263 0 0 1 3.14
-0.35481253909575 -2.10733291635991e-05 -0.0591549314933501 0 0 1 3.14
-0.366657181353913 0.00691729453290341 -0.0419055603706735 0 0 1 3.14
-0.394090468731992 0.00498797808531889 -0.0573805182726967 0 0 1 3.14
-0.325909469710641 0.0118952355976448 -0.0433254210375387 0 0 1 3.14
-0.34932054759445 -0.0282400594347383 -0.0439906325020188 0 0 1 3.14
-0.380007458686065 0.00167296126431884 -0.0416423981600272 0 0 1 3.14
-0.357280644889871 -0.0280756292148009 -0.0572539268310825 0 0 1 3.14
-0.383130972128773 0.0196285393701789 -0.049905353648851 0 0 1 3.14
-0.324830540914531 -0.00960082761106988 -0.0519008303976541 0 0 1 3.14
-0.36316491583712 0.0208026575328318 -0.0565285567693057 0 0 1 3.14
-0.305818220476012 -0.0152358259736341 -0.0484963277506429 0 0 1 3.14
-0.398282745908928 0.00488947514208796 -0.0478756413485443 0 0 1 3.14
-0.31709440912212 0.0262606127444865 -0.0557110851916804 0 0 1 3.14
-0.337340902504472 -0.027132762456896 -0.0496013548988712 0 0 1 3.14
-0.346125348484278 -0.0267613404497857 -0.0402162838072123 0 0 1 3.14
-0.334949236461994 -0.0287629179528005 -0.0502016967517321 0 0 1 3.14
-0.327337046769349 0.0108887108517727 -0.0461025357762583 0 0 1 3.14
-0.390551143607942 0.00591771159799408 -0.0517715634522447 0 0 1 3.14
-0.312242606569234 -0.0231581979290606 -0.0593044651980051 0 0 1 3.14
-0.398563785605401 0.0177747210435507 -0.0541433688806293 0 0 1 3.14
-0.370569737315376 0.00707103522835673 -0.0439711652444493 0 0 1 3.14
-0.382008512149576 -0.0257871885607825 -0.0530699601887385 0 0 1 3.14
-0.307370573180205 -0.0258432616459199 -0.0583336811035226 0 0 1 3.14
-0.393181956317297 -0.0218395566827946 -0.0497778725811428 0 0 1 3.14
-0.341890677242151 0.0173334791794205 -0.0526633318429543 0 0 1 3.14
-0.336284877747478 -0.0244560925245702 -0.0452104099022503 0 0 1 3.14
-0.334873073523506 -0.0157278724795616 -0.0495051967211601 0 0 1 3.14
-0.313537798746645 -0.0153811252429929 -0.0439095824508254 0 0 1 3.14
-0.394404747059298 -0.0237106672404663 -0.0436617764190094 0 0 1 3.14
-0.318314482622615 0.0215011656137255 -0.0562105703662912 0 0 1 3.14
-0.347107753367157 0.011891985970774 -0.0575261308627127 0 0 1 3.14
-0.330564943937756 0.0140245279957969 -0.0435800704201796 0 0 1 3.14
-0.378759510371817 0.00903183746729476 -0.0472420475997713 0 0 1 3.14
